name: pyscenic
channels:
  - conda-forge
  - bioconda
  - defaults
dependencies:
  - _libgcc_mutex=0.1=conda_forge
  - _openmp_mutex=4.5=2_gnu
  - asttokens=2.4.1=pyhd8ed1ab_0
  - backcall=0.2.0=pyh9f0ad1d_0
  - bzip2=1.0.8=hd590300_5
  - ca-certificates=2024.7.4=hbcca054_0
  - debugpy=1.8.2=py38h854fd01_0
  - decorator=5.1.1=pyhd8ed1ab_0
  - executing=2.0.1=pyhd8ed1ab_0
  - importlib_metadata=8.2.0=hd8ed1ab_0
  - ipykernel=6.14.0=py38h7f3c49e_0
  - ipython=8.4.0=py38h578d9bd_0
  - jedi=0.19.1=pyhd8ed1ab_0
  - jupyter_client=8.6.2=pyhd8ed1ab_0
  - jupyter_core=5.7.2=py38h578d9bd_0
  - keyutils=1.6.1=h166bdaf_0
  - krb5=1.21.3=h659f571_0
  - ld_impl_linux-64=2.40=h41732ed_0
  - libedit=3.1.20191231=he28a2e2_2
  - libffi=3.4.2=h7f98852_5
  - libgcc-ng=13.2.0=h807b86a_5
  - libgomp=13.2.0=h807b86a_5
  - libnsl=2.0.1=hd590300_0
  - libsodium=1.0.18=h36c2ea0_1
  - libsqlite=3.45.2=h2797004_0
  - libstdcxx-ng=13.2.0=hc0a3c3a_7
  - libuuid=2.38.1=h0b41bf4_0
  - libxcrypt=4.4.36=hd590300_1
  - libzlib=1.2.13=hd590300_5
  - matplotlib-inline=0.1.7=pyhd8ed1ab_0
  - ncurses=6.4.20240210=h59595ed_0
  - nest-asyncio=1.6.0=pyhd8ed1ab_0
  - openssl=3.3.1=h4ab18f5_1
  - parso=0.8.4=pyhd8ed1ab_0
  - pexpect=4.9.0=pyhd8ed1ab_0
  - pickleshare=0.7.5=py_1003
  - pip=24.0=pyhd8ed1ab_0
  - platformdirs=4.2.2=pyhd8ed1ab_0
  - prompt-toolkit=3.0.47=pyha770c72_0
  - ptyprocess=0.7.0=pyhd3deb0d_0
  - pure_eval=0.2.3=pyhd8ed1ab_0
  - pygments=2.18.0=pyhd8ed1ab_0
  - python=3.8.19=hd12c33a_0_cpython
  - python_abi=3.8=4_cp38
  - pyzmq=26.0.3=py38ha44f8e3_0
  - readline=8.2=h8228510_1
  - setuptools=69.5.1=pyhd8ed1ab_0
  - six=1.16.0=pyh6c4a22f_0
  - stack_data=0.6.2=pyhd8ed1ab_0
  - tk=8.6.13=noxft_h4845f30_101
  - traitlets=5.14.3=pyhd8ed1ab_0
  - wcwidth=0.2.13=pyhd8ed1ab_0
  - wheel=0.43.0=pyhd8ed1ab_1
  - xz=5.2.6=h166bdaf_0
  - zeromq=4.3.5=h75354e8_4
  - pip:
    - adjusttext==1.2.0
    - aiohttp==3.9.4
    - aiosignal==1.3.1
    - arboreto==0.1.6
    - async-timeout==4.0.3
    - attrs==23.2.0
    - bokeh==3.1.1
    - boltons==24.0.0
    - certifi==2024.2.2
    - charset-normalizer==3.3.2
    - click==8.1.7
    - cloudpickle==3.0.0
    - contourpy==1.1.1
    - ctxcore==0.2.0
    - cycler==0.12.1
    - cytoolz==0.12.3
    - dask==2023.5.0
    - dill==0.3.8
    - distributed==2023.5.0
    - fonttools==4.53.1
    - frozendict==2.4.2
    - frozenlist==1.4.1
    - fsspec==2024.3.1
    - get-annotations==0.1.2
    - h5py==3.11.0
    - idna==3.7
    - importlib-metadata==7.1.0
    - importlib-resources==6.4.0
    - interlap==0.2.7
    - jinja2==3.1.3
    - joblib==1.4.0
    - kiwisolver==1.4.5
    - llvmlite==0.34.0
    - locket==1.0.0
    - loompy==3.0.7
    - lz4==4.3.3
    - markupsafe==2.1.5
    - matplotlib==3.7.5
    - msgpack==1.0.8
    - multidict==6.0.5
    - multiprocessing-on-dill==3.5.0a4
    - networkx==3.1
    - numba==0.51.2
    - numexpr==2.8.6
    - numpy==1.23.5
    - numpy-groupies==0.9.22
    - packaging==24.0
    - pandas==2.0.3
    - partd==1.4.1
    - patsy==0.5.6
    - pillow==10.3.0
    - psutil==5.9.8
    - pyarrow==15.0.2
    - pynndescent==0.5.12
    - pyparsing==3.1.2
    - pyscenic==0.12.1
    - python-dateutil==2.9.0.post0
    - pytz==2024.1
    - pyyaml==6.0.1
    - requests==2.31.0
    - scanpy==1.9.8
    - scikit-learn==1.3.2
    - scipy==1.10.1
    - seaborn==0.13.2
    - session-info==1.0.0
    - sortedcontainers==2.4.0
    - statsmodels==0.14.1
    - stdlib-list==0.10.0
    - tblib==3.0.0
    - threadpoolctl==3.4.0
    - toolz==0.12.1
    - tornado==6.4
    - tqdm==4.66.2
    - tzdata==2024.1
    - umap-learn==0.5.6
    - urllib3==2.2.1
    - xyzservices==2024.4.0
    - yarl==1.9.4
    - zict==3.0.0
    - zipp==3.18.1
prefix: /home/l538g/.conda/envs/pyscenic

